10000 3.31128 21.0328 0.0 0.0
10001 8.46217 20.7875 0.0 0.0
10002 8.70745 11.2829 0.0 0.0
10003 13.797 10.7923 0.0 0.0
10004 13.5517 8.46217 0.0 0.0
10005 24.4667 10.9763 0.0 0.0
10006 25.2639 23.6082 0.0 0.0
10007 24.9573 39.4901 0.0 0.0
10008 8.21689 40.5939 0.0 0.0
10009 8.76877 24.4054 0.0 0.0
10010 37.6505 11.0376 0.0 0.0
10011 37.4052 23.6695 0.0 0.0
10012 45.5608 10.731 0.0 0.0
10013 45.2542 7.41973 0.0 0.0
10014 49.424 10.4857 0.0 0.0
10015 50.1598 23.3629 0.0 0.0
10016 49.6693 36.7307 0.0 0.0
10017 37.7732 37.0986 0.0 0.0
10018 37.6505 41.9429 0.0 0.0
10019 25.4478 42.6175 0.0 0.0
