0.179629 0.378656
0.320921 0.407114
-0.0583215 0.285954
0.0804289 -0.138069
-0.128683 0.137707
-0.355494 0.00982227
-0.358312 0.109808
0.0245113 0.319346
0.165376 0.201926
0.149262 0.0113888
-0.205443 0.313416
-0.348402 0.296874
0.377338 0.299749
-0.295552 0.289019
-0.158863 0.0265633
-0.0432951 0.319935
0.345989 0.144782
0.0123225 -0.0688321
-0.265728 0.249525
0.0672525 0.165471
-0.0860532 0.161344
0.281625 0.413093
0.236818 -0.0358047
-0.224284 0.0996371
0.389984 -0.0918039
-0.218944 0.348584
-0.214498 0.371638
0.348498 -0.154698
-0.194804 -0.0807276
0.207102 0.22495
-0.293466 0.23104
-0.102049 0.184
0.135811 0.0131045
0.131778 0.375353
-0.183663 0.0055058
-0.0953428 0.332888
0.0536735 0.39693
0.060237 -0.133656
0.0962179 0.269664
-0.178234 0.384107
-0.129075 0.332621
0.105804 -0.104909
0.345962 0.257216
0.121365 0.107033
0.0202871 0.0330293
-0.206475 -0.0633581
0.269714 0.1835
0.0171767 -0.066972
-0.0923515 -0.0949945
0.0851853 -0.154563
-0.290567 0.107355
-0.289208 0.395386
-0.211628 0.353838
0.0147319 0.0231355
0.268291 0.0359848
0.0224325 -0.103153
0.346962 -0.0634267
0.176556 0.0176441
0.166143 0.086881
0.177564 0.139778
-0.206799 -0.0580125
0.185022 0.198877
-0.276154 -0.091087
0.343521 0.368497
-0.191079 0.266778
-0.123426 -0.0166748
-0.0765442 0.305207
-0.0282681 -0.0949648
0.0823043 0.218962
-0.233316 0.355022
-0.233194 0.113967
0.106918 0.169734
-0.0969661 0.0137658
-0.236755 0.0407789
-0.248691 -0.127868
-0.249048 0.122939
0.364767 0.411578
-0.0738355 -0.143352
-0.26685 0.270708
-0.351417 0.375717
0.366642 -0.170258
0.322435 0.0646636
-0.248903 0.199017
-0.270707 0.160676
-0.271756 -0.116648
0.230569 0.338286
-0.108089 -0.0388504
0.182658 0.286997
0.266843 -0.0401008
0.298296 -0.126458
-0.182336 -0.0245461
0.388313 0.148235
-0.0998214 -0.106596
0.335757 0.277927
-0.236736 -0.0602951
0.25598 0.0220455
0.328444 0.397414
0.136802 0.286857
-0.411188 0.36887
-0.0848593 0.104282
-0.0273681 0.34997
0.312461 0.0309195
0.13295 0.106724
0.21829 0.0383358
0.377556 0.0633349
0.0657035 0.317289
-0.298067 -0.0847599
-0.124672 0.123939
-0.138449 -0.00198567
0.109817 0.126203
0.150944 0.355879
0.273788 0.0988823
0.288197 0.0191204
0.094326 0.260489
-0.276667 0.0981637
0.402954 -0.00374173
-0.0771709 -0.0450191
0.279697 0.286573
-0.193322 0.353941
-0.172847 0.291233
-0.25191 0.0707764
-0.303021 0.0191656
0.108132 0.166379
0.0686292 -0.125257
-0.102318 0.32557
0.356771 0.258843
0.131918 0.365182
0.142861 -0.0215239
0.366084 -0.143503
-0.163654 0.204514
-0.182811 -0.00327847
0.28291 0.06529
0.240272 -0.140085
0.179702 0.363418
0.0474115 0.041099
0.205559 0.0214281
0.118291 0.369121
-0.261504 -0.0934643
0.314193 -0.131118
0.262374 0.274897
0.348407 0.115273
0.0603561 -0.0976625
-0.0472771 0.0555446
-0.231882 -0.0511352
-0.120531 0.391867
0.130139 0.0565224
-0.37223 -0.0782857
0.320692 -0.0232445
0.199876 0.341959
0.250821 0.131474
0.217938 0.190436
-0.0631183 0.0130553
-0.204633 0.370973
0.313056 0.193386
-0.150278 0.348564
0.191233 0.308005
0.306962 0.403653
0.23694 0.145249
-0.23676 0.0727749
0.411035 0.0213711
0.398516 0.17392
-0.398034 0.00189033
0.236062 0.0685275
-0.294235 0.0452552
-0.280702 0.0646985
0.289593 0.331708
-0.231089 -0.0464341
-0.0576759 -0.112304
0.241853 0.184694
-0.0872187 -0.117963
-0.00174247 0.221419
0.275678 0.0761821
0.0036186 -0.122612
-0.0126557 -0.129762
0.285095 0.372956
0.206296 0.276805
-0.183436 0.178579
0.342886 -0.148054
-0.134104 0.323667
-0.0602208 0.19294
0.383556 -0.0761584
0.285072 -0.101744
0.0051722 0.18182
0.0510915 0.0783303
0.41346 0.179995
-0.159681 0.229136
0.0842726 0.332477
0.0388574 0.370206
0.23334 -0.0062022
-0.140225 0.115982
-0.0719939 0.330204
-0.221833 0.381581
-0.254643 0.297564
0.103716 0.0332662
0.227205 0.0298987
0.0302622 0.0365208
0.259 -0.123558
0.0663168 0.175197
0.404889 0.0194663
-0.243289 0.0037928
0.201852 0.0510827
0.363087 -0.0602587
0.013873 -0.144625
0.140812 -0.0511858
0.206549 0.315034
-0.0795848 0.0781449
-0.0148473 0.404776
-0.298533 0.140495
0.244961 0.108624
-0.346098 0.0198496
-0.168033 -0.061621
-0.184375 0.0900655
-0.162136 -0.115592
-0.277885 0.0052126
-0.162332 -0.0367906
0.122184 0.0422753
0.323718 0.033791
0.0470307 0.379439
0.4052 0.0501543
-0.306709 0.0955996
0.156519 0.146427
0.400239 -0.0462616
0.187046 0.0364842
-0.232971 0.32483
0.0470977 -0.0194586
0.146778 0.0646823
0.383119 -0.0435073
0.39415 0.158098
0.353326 0.145311
-0.0216081 0.262104
-0.315585 -0.0269903
0.0485005 -0.111175
-0.191763 0.302948
0.0663325 -0.0504087
-0.296369 0.371981
0.253339 -0.115772
0.412858 0.363332
-0.0477869 0.126462
-0.0135663 0.139028
0.16028 -0.106437
-0.144691 -0.0997236
-0.103522 0.0171057
0.292279 0.359976
0.257928 0.343445
0.33321 0.275027
-0.179584 0.0403837
0.137283 0.0131133
0.0333282 -0.0480151
0.0877803 0.380551
-0.193228 0.240406
-0.121631 -0.10384
0.214679 0.15741
-0.246356 -0.0779185
-0.33309 0.156421
-0.0307871 0.366766
0.402857 0.268309
-0.0495642 -0.119673
0.223551 0.180287
0.23074 -0.106413
-0.307117 -0.00326607
0.189936 -0.128302
-0.196945 0.150599
-0.0798719 0.0515327
0.288074 -0.165887
-0.147803 0.22222
0.053035 0.411783
0.0339958 0.0600943
-0.367159 -0.0815677
-0.212746 0.34843
-0.32585 0.377418
0.00694013 0.305552
-0.096262 0.0696422
-0.135617 -0.0945575
0.207253 -0.136975
-0.0317897 0.32046
0.238395 0.109645
0.070786 -0.109838
-0.266547 0.107961
0.188501 0.113347
0.149728 0.269997
-0.107566 -0.0011446
0.290177 0.187552
0.22992 -0.173081
-0.383883 0.173535
0.139195 0.142851
-0.296877 0.175032
-0.295019 -0.0539009
-0.0948461 -0.0549538
-0.174146 0.129802
-0.297287 0.185375
0.380285 -0.0232007
-0.0816437 0.384019
0.0165336 0.323469
0.0249191 0.233168
-0.22686 -0.0576429
-0.0378785 0.331627
-0.354317 0.225382
0.289172 0.211954
0.0257568 0.268141
0.139547 0.0657047
-0.237393 -0.13518
-0.249003 0.314601
0.105671 0.380165
-0.179211 0.0794112
-0.361638 0.0201017
-0.150096 0.0146893
-0.156275 0.27625
0.201517 -0.0198098
0.0648787 0.317752
0.252587 0.36953
-0.369499 0.0422125
0.235348 0.336832
0.264094 0.0202342
0.326431 -0.160647
0.0081332 0.228038
-0.151748 0.0540772
-0.343036 0.11176
0.0149201 0.137489
-0.0474147 -0.0564773
-0.200937 0.0729919
0.0709386 -0.131534
-0.417571 0.0409425
0.211321 0.321953
-0.156185 0.0955359
0.386518 0.143766
0.133013 0.352502
-0.368404 0.195301
0.224736 0.196113
0.193582 0.100553
-0.132204 -0.0194686
0.117984 -0.126679
-0.19659 0.397717
0.293543 0.01426
0.171828 0.243303
0.0359333 0.171363
0.192399 -0.102881
-0.0706244 0.183729
0.229841 0.243559
-0.195773 0.0270773
-0.0947812 0.155587
0.232015 -0.0648987
0.0693614 0.238972
-0.0597339 -0.0757594
0.0182096 0.406687
-0.203975 -0.0254846
-0.161741 0.375374
0.214824 0.00597227
-0.417176 0.321542
0.102131 0.0755595
0.332153 -0.134667
-0.0911411 0.215932
-0.302099 0.380347
0.328582 -0.160184
-0.142701 0.404451
0.356384 -0.074639
0.381857 -0.11062
0.408323 0.36494
0.267128 0.010127
0.368287 0.18298
-0.132091 0.40854
0.260045 0.293877
-0.0437145 0.388716
-0.203682 0.193108
0.167202 -0.0231861
-0.178573 -0.0434655
-0.182004 0.196271
-0.221783 0.103752
-0.346309 0.159272
0.198683 0.160357
0.369129 0.242038
0.123852 -0.0620681
-0.215457 0.259747
0.237139 0.323662
0.165391 -0.00446273
-0.315623 0.127948
-0.32493 0.0836649
-0.0567158 -0.141418
0.0803323 0.193988
-0.0084832 -0.0483652
0.348834 0.389006
-0.166663 0.188717
-0.00469973 0.0296721
-0.133179 0.0330968
0.407693 0.320065
0.234088 0.0815295
0.137626 0.190968
0.196596 0.0339964
-0.213296 -0.0197688
0.166753 0.158701
-0.165452 0.105249
-0.0364397 0.278673
0.268488 0.381349
-0.230833 0.334989
0.00268107 0.246583
0.129459 -0.0548789
0.0141549 0.253289
-0.12302 -0.0521855
0.338484 -0.108811
-0.390962 0.357469
-0.125303 0.229311
0.0054976 0.38571
0.411314 0.0817637
0.0705966 0.41607
0.361862 0.17788
-0.110283 0.311518
-0.184169 -0.0956997
-0.224973 -0.145489
-0.0640325 0.164764
-0.274787 0.372031
0.143439 -0.000499
0.17653 -0.0250439
0.175886 0.409959
0.172175 0.291098
-0.123876 0.414003
-0.0653073 -0.0385153
0.333524 0.237573
-0.35559 -0.0419173
0.309273 0.128282
0.0267679 0.388151
-0.237494 0.0105348
0.178793 0.135008
-0.00798147 -0.0248477
0.108222 0.259164
0.0844714 0.215514
0.313196 -0.171143
-0.403865 0.283389
0.202191 -0.0700331
0.36384 0.308621
-0.362218 -0.0201954
0.0339632 -0.0386357
-0.267879 0.113657
-0.354633 0.189915
0.314567 -0.0447931
0.202361 0.31646
-0.00648293 -0.0168308
0.0750703 0.138858
0.357073 -0.183623
0.253596 -0.163263
0.158959 0.258292
-0.0656087 0.244092
0.165419 0.169997
-0.306046 -0.114211
0.388017 0.332252
0.048869 0.243043
-0.0919622 0.193234
0.113389 -0.111547
-0.175207 0.00289593
-0.327581 0.260119
-0.381368 -0.0877739
-0.399367 0.0191892
-0.0928933 0.354908
-0.231632 0.137604
0.281185 0.330319
-0.217684 0.246716
-0.305064 -0.0860242
0.164521 -0.0717785
-0.202991 0.221363
-0.408809 0.0729949
-0.193089 0.154127
0.0475477 0.257102
0.276995 -0.0816147
0.312257 0.401214
0.39826 0.0497671
-0.0486521 0.295111
0.0716427 -0.106019
0.3561 0.391293
0.358664 0.00897353
-0.11035 -0.079305
0.165887 0.0997033
0.237104 0.0808924
0.0129677 0.153566
-0.109963 0.319993
-0.173456 0.412671
0.203157 0.231343
-0.274823 0.380104
-0.190642 0.38608
-0.0864715 0.0461761
-0.311526 -0.081616
0.234173 0.0784066
0.0648073 0.0406839
-0.389975 0.362504
-0.0863337 0.313448
0.185284 0.148668
-0.376384 -0.0736707
0.0954029 0.146727
0.394798 0.35877
0.310063 0.322838
0.12832 0.201887
-0.0630057 0.406833
-0.0457748 0.137892
-0.23703 0.323053
-0.330482 -0.0593415
0.22707 0.176385
0.306907 0.103091
-0.286412 -0.0310035
-0.154087 -0.111766
0.0844343 -0.0294596
0.112339 0.178731
0.136931 -0.0621951
0.188878 0.388418
