0.0349436 0.092382
0.174969 0.0950819
-0.198325 0.0288575
-0.0418111 -0.388424
-0.196771 -0.129979
-0.338479 -0.27289
-0.27894 -0.193001
0.0149303 -0.00305426
0.0583878 -0.0730129
0.0502523 -0.243156
-0.0345185 -0.0559338
-0.412416 0.0224833
0.29939 -0.0335246
-0.397293 0.0256907
-0.254186 -0.231014
-0.0989411 0.0228504
0.286706 -0.151596
-0.0503915 -0.328106
-0.404177 0.000957242
0.253423 -0.194175
-0.231424 -0.0846482
0.107931 0.121353
0.134207 -0.28484
-0.367777 -0.152702
0.305566 -0.338702
0.136575 -0.0985776
-0.340164 0.108048
0.212645 -0.392177
-0.256116 -0.350669
0.0516603 -0.0343714
0.0465672 -0.164023
-0.128659 -0.0990729
0.286439 -0.30102
0.113628 0.030626
-0.141648 -0.279887
-0.112789 0.0205491
0.0476123 0.0540197
0.0826711 -0.397639
0.12963 -0.0679812
-0.183918 0.0686498
0.230951 -0.125821
0.0250539 -0.361354
0.174338 -0.0124871
-0.0287089 -0.14042
0.021198 -0.243216
-0.284451 -0.328172
0.35551 -0.171577
-0.126679 -0.313435
0.0196516 -0.377528
-0.0422643 -0.404261
0.264592 -0.299941
-0.338208 0.102841
-0.270658 0.066566
-0.0941266 -0.230586
0.139882 -0.217128
-0.0652375 -0.357623
0.190771 -0.297564
0.167543 -0.260358
0.0722459 -0.176995
0.051026 -0.115403
-0.364628 -0.312792
0.135344 -0.0973899
-0.33041 -0.365565
0.203917 0.0574137
0.404548 -0.238552
0.0156211 -0.313745
0.00465127 -0.0372053
0.0701349 -0.375017
0.00125986 -0.0582692
0.0371399 -0.0603238
0.010478 -0.227587
-0.0397801 -0.0818146
-0.226127 -0.236373
-0.391547 -0.207526
-0.367694 -0.397633
-0.262254 -0.158434
0.190694 0.109237
-0.0379362 -0.417544
-0.372781 0.010806
0.176986 -0.129574
0.213063 -0.40239
0.251536 -0.209027
-0.384838 -0.0520003
-0.255947 -0.129802
-0.0849401 -0.407878
0.12116 0.0352581
-0.230784 -0.29607
0.160632 -0.0407241
0.358984 -0.330279
0.264413 -0.382107
0.100137 -0.341636
0.380984 -0.179064
0.0093697 -0.389576
0.211597 -0.0207617
-0.286449 -0.334714
0.170674 -0.237583
0.336956 -0.0042528
-0.0219954 0.0243725
-0.288856 0.023047
-0.180418 -0.155734
-0.0167205 0.0196436
0.1443 -0.207536
0.0909808 -0.171319
0.0552678 -0.201453
0.205985 -0.179962
0.115986 -0.0361293
-0.192808 -0.375513
-0.217241 -0.13728
-0.007445 -0.300247
-0.0254862 -0.125597
0.0270371 0.0670097
0.11833 -0.148041
0.13567 -0.222216
0.0351598 -0.0364658
-0.299751 -0.180771
0.286692 -0.256481
-0.199727 -0.301877
0.371315 -0.107592
-0.126745 0.0131574
-0.311818 0.0388065
-0.380158 -0.18306
-0.243431 -0.269919
0.0275818 -0.104357
0.0852319 -0.387855
-0.243594 0.0683411
0.168085 -0.00358206
0.146146 0.00888408
-0.000730254 -0.264553
0.234427 -0.377369
-0.2938 -0.048879
-0.332327 -0.255404
0.149855 -0.188321
0.117169 -0.382102
0.0469245 0.0755686
0.230905 -0.283017
0.271587 -0.273737
-0.00647836 0.080378
-0.408225 -0.358456
0.2353 -0.375331
0.107027 0.00318868
0.196275 -0.141283
-0.0776067 -0.343952
-0.193036 -0.191847
-0.164972 -0.333589
-0.215971 0.109918
-0.00758333 -0.190951
-0.182768 -0.379694
0.356125 -0.306703
0.354258 -0.0943555
0.0915883 -0.11548
0.078494 -0.073393
-0.212604 -0.235063
-0.330394 0.10608
0.286483 -0.127228
-0.243538 0.0696232
0.179494 -0.0318123
0.184589 0.0774147
0.227369 -0.159759
-0.388042 -0.174521
0.305835 -0.238639
0.238014 -0.0901758
-0.23012 -0.305384
0.169753 -0.203902
0.283594 -0.342343
-0.305629 -0.211304
0.112647 0.0573393
-0.388203 -0.303878
-0.210784 -0.366565
0.113121 -0.0807312
-0.209266 -0.374657
-0.0445285 -0.0678966
0.144713 -0.176155
0.214337 -0.407567
-0.163736 -0.382326
0.125332 0.0814218
0.0771332 -0.0025951
-0.285074 -0.0827062
0.26637 -0.390256
-0.275156 0.0686137
-0.182048 -0.0654319
0.232826 -0.311651
0.13994 -0.340703
0.0713887 -0.136104
-0.0595871 -0.177118
0.343958 -0.128417
-0.173474 -0.0628915
-0.0126664 0.04126
0.113501 -0.0042059
0.0982776 -0.249319
-0.230818 -0.144771
-0.188967 0.0595832
-0.257056 0.0802464
-0.383049 0.0421438
-0.0277292 -0.214557
0.154795 -0.234178
-0.0491905 -0.226645
0.116301 -0.358552
0.128535 -0.146784
0.230427 -0.218705
-0.32672 -0.259026
0.0543967 -0.194496
0.274787 -0.311867
-0.102214 -0.401238
0.0317975 -0.297226
0.231821 -0.0459626
0.256158 -0.284097
-0.153683 0.129439
-0.311741 -0.141434
0.105897 -0.147858
0.00391146 -0.315406
-0.185258 -0.331684
-0.101085 -0.212462
-0.314652 -0.375602
-0.103145 -0.301051
-0.312052 -0.288745
-0.00181393 -0.208064
0.155168 -0.206444
-0.0457429 0.0816972
0.263465 -0.202738
-0.273167 -0.194107
0.0176891 -0.109127
0.235371 -0.281579
0.0321943 -0.207399
0.159809 -0.124311
-0.103589 -0.263594
0.0988441 -0.206889
0.327547 -0.304307
0.207734 -0.0905561
0.182578 -0.10473
-0.093309 -0.0195585
-0.0601263 -0.340787
0.0738062 -0.378942
-0.249028 0.0202035
0.360093 -0.369645
-0.309972 0.072597
0.117842 -0.353343
0.410797 -0.042566
-0.0965918 -0.146708
-0.138007 -0.113821
0.0459256 -0.350077
-0.296762 -0.35645
-0.216737 -0.239121
0.130132 0.0736652
0.268333 -0.0279297
0.267798 -0.0508222
-0.20717 -0.229793
0.296068 -0.301045
-0.111305 -0.292198
0.063491 0.046258
-0.31829 -0.011558
-0.172711 -0.370935
0.218741 -0.151974
-0.00974366 -0.38158
-0.38272 -0.118231
-0.146635 0.088207
0.235787 -0.0117744
-0.125167 -0.381744
0.242775 -0.143757
0.150232 -0.357248
0.17147 -0.353869
0.0683636 -0.375222
-0.314233 -0.106497
-0.204366 -0.196162
0.137013 -0.402317
-0.125443 -0.082823
-0.0909207 0.135135
-0.0365219 -0.201661
-0.319614 -0.373534
-0.266176 0.0585936
-0.385965 0.0959492
-0.13552 0.0423331
-0.0972557 -0.208585
-0.115529 -0.369845
0.0955938 -0.380555
-0.16418 0.0555377
0.097653 -0.142702
0.0649523 -0.3726
-0.358222 -0.157521
0.0408903 -0.136991
0.121448 -0.046554
-0.181462 -0.262376
0.191679 -0.0993607
0.106909 -0.416586
-0.364249 -0.117527
0.268183 -0.199738
-0.209441 -0.133658
-0.373792 -0.325098
-0.247644 -0.306331
-0.192673 -0.146676
-0.32814 -0.092833
0.212494 -0.258343
-0.208421 0.114864
0.214472 -0.0893327
0.0987731 -0.102034
-0.188568 -0.339729
0.0330923 -0.0204652
-0.2677 -0.0889784
0.131341 -0.0514076
-0.079036 -0.00310145
0.292101 -0.259368
-0.230924 -0.414168
0.0435793 -0.0960419
0.0324651 0.0660975
-0.323613 -0.168905
0.0143091 -0.322535
-0.0288676 -0.282277
-0.300259 0.0232089
0.0756656 -0.267014
-0.0609835 0.0462364
0.18875 0.0322126
0.0671207 -0.315482
0.183153 0.00820991
0.109447 -0.222052
0.35344 -0.415196
-0.107372 -0.0358677
-0.278983 -0.198069
-0.277883 -0.186577
-0.105286 -0.117377
-0.197829 -0.304691
-0.344896 -0.178095
-0.0711321 -0.378219
-0.33918 -0.255713
0.116761 0.0169734
-0.00848922 -0.221534
0.233373 -0.116727
-0.0156555 0.0797246
-0.185497 -0.140869
0.0664625 -0.0593546
0.117023 -0.17165
-0.0628756 -0.306748
0.00991349 -0.374096
-0.335833 0.137594
0.180853 -0.239168
0.221068 -0.103849
-0.0748612 -0.0873131
0.205511 -0.36796
-0.210843 -0.0664675
0.0866173 -0.0241623
-0.221761 -0.248312
-0.205626 -0.10124
0.112847 -0.311912
-0.0238809 -0.0372911
-0.181653 -0.330411
-0.0567757 0.100943
-0.276966 -0.292801
0.0747017 -0.0405105
0.201452 -0.26966
0.0193857 -0.119475
-0.0285226 -0.173028
0.186859 -0.36825
-0.220465 -0.0403483
0.0522698 -0.0652731
0.224519 -0.402374
-0.249277 0.128785
0.19663 -0.30947
0.337551 -0.364464
0.223019 0.0678073
0.380513 -0.300729
0.181617 -0.0697953
-0.249445 0.136124
0.129097 0.00651594
-0.18108 0.121575
-0.120793 -0.119813
0.0192106 -0.263801
-0.0499972 -0.335296
0.25983 -0.229776
-0.358506 -0.14724
-0.17566 -0.166339
0.307575 -0.187511
0.231822 -0.0431763
-0.0134279 -0.307254
-0.338498 0.00423903
0.387689 -0.109311
0.12865 -0.269956
-0.353587 -0.146986
-0.191669 -0.228715
-0.156539 -0.401175
0.0774572 -0.110522
-0.142645 -0.301668
0.239174 0.05491
0.0165829 -0.158085
0.0347043 -0.256225
0.109543 -0.2933
0.222725 0.0368897
0.0779987 -0.16542
0.0319037 -0.0766731
0.068704 -0.214812
-0.352272 -0.275001
0.0321743 -0.0981103
-0.264312 -0.155182
0.254942 -0.145692
0.207375 0.0369348
0.348428 -0.191367
-0.141601 -0.00907235
0.204135 -0.336392
-0.0653504 -0.0286842
-0.270676 -0.303845
0.19669 -0.346772
-0.258321 0.0129169
-0.133704 -0.0644574
-0.0840815 0.0888545
0.223078 -0.161477
-0.0811347 0.140543
0.332728 -0.14074
-0.0831554 -0.00990734
-0.109895 -0.377457
-0.335429 -0.417783
-0.180992 -0.0916488
-0.315326 0.0777664
0.0715919 -0.26025
0.0507478 -0.27082
0.0628029 0.102912
0.0127916 0.0262505
0.0734312 -0.00348207
-0.197539 -0.290428
0.387819 -0.134958
-0.257897 -0.33572
0.163015 -0.1272
-0.0867876 0.101306
-0.383869 -0.24604
0.296449 -0.204466
0.107852 -0.318269
0.40346 -0.185407
-0.027806 -0.0538812
0.154476 -0.404807
-0.324928 -0.0364919
0.0552592 -0.309504
0.263223 -0.0115014
0.345964 -0.393093
0.158258 -0.330313
-0.358775 -0.148927
-0.340642 -0.102856
0.163417 -0.285846
0.155863 -0.00425337
-0.141564 -0.265236
0.116894 -0.169693
0.220965 -0.417056
0.106066 -0.404323
0.271588 -0.115528
-0.193786 -0.0139159
0.0176975 -0.0832072
-0.314133 -0.394695
0.19261 0.0541823
-0.0563372 -0.0280473
0.150519 -0.180192
0.134534 -0.376608
-0.33277 -0.247315
-0.154503 -0.086072
-0.135943 -0.391004
-0.0973072 -0.309513
-0.0758365 0.0291663
-0.379137 -0.110648
0.194251 0.00940601
-0.0394595 -0.104055
-0.368383 -0.360071
0.0878389 -0.328275
-0.265355 -0.0532074
-0.148821 -0.258539
-0.123726 -0.153595
0.0454505 -0.0568561
0.124214 -0.318154
0.130298 0.112185
0.30911 -0.219536
-0.128008 0.0149725
0.025626 -0.363034
0.312074 0.0156991
0.228602 -0.240711
-0.193543 -0.342699
0.0119704 -0.143738
0.0780075 -0.164414
-0.106992 -0.100559
-0.212193 0.0460734
-0.261551 0.125109
0.127112 -0.0607389
-0.357866 0.106774
-0.305172 0.120164
0.0366937 -0.260192
-0.152902 -0.37746
0.143667 -0.185008
-0.00970722 -0.221496
-0.400461 0.0624605
-0.0710964 -0.00875923
0.137568 -0.137151
0.0265339 -0.396112
-0.0276418 -0.106991
0.202383 0.0729785
0.154066 0.0381426
-0.00658424 -0.060103
-0.0392662 0.0621049
-0.123014 -0.127727
-0.353522 0.0608901
-0.285013 -0.344956
0.0733737 -0.0783894
0.373862 -0.223022
-0.401569 -0.295913
-0.284897 -0.371933
-0.0219986 -0.280336
0.348534 -0.209357
0.0994553 -0.322905
0.0430778 0.100702
